━━━━━━━━━━━━━━━━━━━━━━━━━━━━━━━━━━━━━━━━━━━━━━━━━━━━━━━━━━━━━━━━━━━━━━━━━━━━━━━━━
 Language              Files        Lines         Code     Comments       Blanks
━━━━━━━━━━━━━━━━━━━━━━━━━━━━━━━━━━━━━━━━━━━━━━━━━━━━━━━━━━━━━━━━━━━━━━━━━━━━━━━━━
 CSS                       1          263          244            3           16
 Dockerfile                1           93           42           30           21
 JavaScript                1            5            4            0            1
 JSON                      9         7145         7145            0            0
 SQL                       7          370          344           25            1
 SVG                       5            5            5            0            0
 TOML                      1          384          140          197           47
 TSX                     236        31544        28138         1113         2293
 TypeScript               80         9148         7546          713          889
 YAML                      4        15308        14152           14         1142
─────────────────────────────────────────────────────────────────────────────────
 Markdown                  3          122            0           80           42
 |- BASH                   2           10            7            3            0
 (Total)                              132            7           83           42
━━━━━━━━━━━━━━━━━━━━━━━━━━━━━━━━━━━━━━━━━━━━━━━━━━━━━━━━━━━━━━━━━━━━━━━━━━━━━━━━━
 Total                   348        64397        57767         2178         4452
━━━━━━━━━━━━━━━━━━━━━━━━━━━━━━━━━━━━━━━━━━━━━━━━━━━━━━━━━━━━━━━━━━━━━━━━━━━━━━━━━
